0 1782666.000000
1 1739574.000000
2 1717394.000000
3 1658726.000000
4 1647608.000000
5 1684654.000000
6 1616090.000000
7 1611052.000000
8 1607950.000000
9 1594122.000000
10 1684792.000000
11 1693006.000000
12 1587746.000000
13 1587170.000000
14 1607168.000000
15 1623932.000000
16 1612290.000000
17 1556980.000000
18 1601248.000000
19 1550716.000000
20 1554286.000000
21 1528998.000000
22 1552740.000000
23 1482228.000000
24 1486290.000000
25 1497794.000000
26 1492640.000000
27 1469138.000000
28 1471358.000000
29 1496474.000000
30 1447150.000000
31 1411290.000000
32 1534422.000000
33 1401910.000000
34 1397294.000000
35 1414010.000000
36 1407778.000000
37 1414538.000000
38 1404456.000000
39 1424498.000000
40 1399068.000000
41 1491138.000000
42 1393736.000000
43 1386688.000000
44 1348184.000000
45 1367168.000000
46 1349778.000000
47 1370826.000000
48 1315950.000000
49 1336384.000000
50 1332288.000000
51 1318488.000000
52 1303918.000000
53 1309418.000000
54 1352558.000000
55 1407384.000000
56 1338938.000000
57 1300106.000000
58 1279244.000000
59 1311772.000000
60 1354120.000000
61 1269310.000000
62 1285518.000000
63 1232000.000000
64 1240578.000000
65 1314416.000000
66 1279022.000000
67 1234628.000000
68 1248280.000000
69 1247448.000000
70 1229946.000000
71 1218886.000000
72 1237366.000000
73 1240040.000000
74 1215218.000000
75 1195726.000000
76 1215022.000000
77 1203644.000000
78 1180022.000000
79 1193730.000000
80 1159478.000000
81 1236470.000000
82 1200554.000000
83 1158952.000000
84 1176654.000000
85 1159608.000000
86 1153488.000000
87 1652148.000000
88 1722714.000000
89 1601320.000000
90 1218830.000000
91 1403884.000000
92 1418674.000000
93 1522862.000000
94 1692448.000000
95 1650590.000000
96 1144688.000000
97 1308644.000000
98 1347704.000000
99 1123148.000000
100 1096350.000000
101 1152046.000000
102 1113732.000000
103 1110490.000000
104 1110010.000000
105 1097974.000000
106 1133266.000000
107 1435866.000000
108 1282164.000000
109 1110462.000000
110 1112882.000000
111 1441974.000000
112 1121970.000000
113 1110734.000000
114 1237504.000000
115 1245500.000000
116 1122902.000000
117 1107826.000000
118 1087112.000000
119 1059482.000000
120 1132750.000000
121 1031914.000000
122 1044724.000000
123 1162052.000000
124 1054662.000000
125 1040616.000000
126 1107888.000000
127 1117078.000000
128 1043554.000000
129 1038852.000000
130 1102378.000000
131 1478946.000000
132 1651660.000000
133 1530392.000000
134 1567944.000000
135 1049364.000000
136 1010408.000000
137 1391190.000000
138 1465880.000000
139 1614292.000000
140 1106986.000000
141 1006722.000000
142 1105432.000000
143 1043992.000000
144 1015768.000000
145 1047528.000000
146 1022654.000000
147 1003550.000000
148 980656.000000
149 982002.000000
150 983818.000000
151 1004190.000000
152 994998.000000
153 1013038.000000
154 983520.000000
155 992606.000000
156 994198.000000
157 985390.000000
158 975246.000000
159 956792.000000
160 967452.000000
161 1007698.000000
162 1316328.000000
163 990784.000000
164 963458.000000
165 953522.000000
166 948902.000000
167 1139822.000000
168 1476718.000000
169 1513600.000000
170 1149694.000000
171 934528.000000
172 1348114.000000
173 1436440.000000
174 955026.000000
175 931846.000000
176 930512.000000
177 904358.000000
178 909900.000000
179 907698.000000
180 914666.000000
181 914336.000000
182 937310.000000
183 919334.000000
184 914444.000000
185 912796.000000
186 910808.000000
187 906790.000000
188 894502.000000
189 876466.000000
190 890670.000000
191 932398.000000
192 895184.000000
193 900950.000000
194 884080.000000
195 876806.000000
196 870620.000000
197 888246.000000
198 877976.000000
199 886362.000000
200 1451112.000000
201 1432882.000000
202 957642.000000
203 1220702.000000
204 1216964.000000
205 1328832.000000
206 926622.000000
207 887586.000000
208 863050.000000
209 880258.000000
210 873514.000000
211 865282.000000
212 869134.000000
213 909300.000000
214 870438.000000
215 859200.000000
216 878576.000000
217 868316.000000
218 869474.000000
219 855486.000000
220 867012.000000
221 857756.000000
222 871670.000000
223 864280.000000
224 871332.000000
225 1381676.000000
226 901374.000000
227 857986.000000
228 839192.000000
229 829640.000000
230 883330.000000
231 1204358.000000
232 1335872.000000
233 1172920.000000
234 839070.000000
235 1230788.000000
236 1318730.000000
237 883772.000000
238 837730.000000
239 819576.000000
240 807080.000000
241 831960.000000
242 815966.000000
243 807298.000000
244 802616.000000
245 809826.000000
246 812746.000000
247 816650.000000
248 805770.000000
249 803878.000000
250 806800.000000
251 831344.000000
252 820650.000000
253 816474.000000
254 798724.000000
255 790818.000000
256 776016.000000
257 780606.000000
258 810842.000000
259 805036.000000
260 788906.000000
261 799602.000000
262 792518.000000
263 797780.000000
264 1117210.000000
265 1281038.000000
266 1215336.000000
267 820950.000000
268 1105212.000000
269 1256906.000000
270 1068212.000000
271 804906.000000
272 809610.000000
273 789992.000000
274 773366.000000
275 812638.000000
276 777138.000000
277 776240.000000
278 786986.000000
279 784472.000000
280 782308.000000
281 809718.000000
282 784774.000000
283 780160.000000
284 776838.000000
285 814390.000000
286 797302.000000
287 781432.000000
288 765894.000000
289 765364.000000
290 778826.000000
291 763368.000000
292 767758.000000
293 785200.000000
294 785528.000000
295 808284.000000
296 796688.000000
297 791384.000000
298 786444.000000
299 1193370.000000
300 1280572.000000
301 1078848.000000
302 778852.000000
303 792942.000000
304 1075064.000000
305 1210522.000000
306 1141224.000000
307 803210.000000
308 771038.000000
309 823950.000000
310 751146.000000
311 752188.000000
312 758968.000000
313 755288.000000
314 758740.000000
315 742880.000000
316 737622.000000
317 747584.000000
318 749792.000000
319 747812.000000
320 741014.000000
321 767802.000000
322 763676.000000
323 764428.000000
324 754336.000000
325 743836.000000
326 741948.000000
327 736926.000000
328 735468.000000
329 724146.000000
330 1008386.000000
331 760674.000000
332 739142.000000
333 728894.000000
334 725814.000000
335 725106.000000
336 1128304.000000
337 1204032.000000
338 1227310.000000
339 747404.000000
340 1027860.000000
341 1164744.000000
342 1028270.000000
343 764918.000000
344 756860.000000
345 733298.000000
346 720550.000000
347 738742.000000
348 737392.000000
349 736114.000000
350 736406.000000
351 731568.000000
352 729102.000000
353 722848.000000
354 730394.000000
355 747458.000000
356 729850.000000
357 727300.000000
358 735158.000000
359 720442.000000
360 721848.000000
361 718184.000000
362 729386.000000
363 736232.000000
364 710990.000000
365 740520.000000
366 719514.000000
367 708058.000000
368 700990.000000
369 716558.000000
370 708966.000000
371 702904.000000
372 794460.000000
373 1139530.000000
374 1144568.000000
375 856632.000000
376 715034.000000
377 696116.000000
378 968264.000000
379 1114716.000000
380 1058744.000000
381 762888.000000
382 704886.000000
383 696612.000000
384 685846.000000
385 687426.000000
386 679576.000000
387 684128.000000
388 688908.000000
389 682150.000000
390 689200.000000
391 685344.000000
392 691756.000000
393 674882.000000
394 676854.000000
395 670908.000000
396 671006.000000
397 677462.000000
398 670402.000000
399 661260.000000
400 674224.000000
401 678140.000000
402 670776.000000
403 703728.000000
404 693830.000000
405 682010.000000
406 686468.000000
407 696528.000000
408 687610.000000
409 678920.000000
410 672214.000000
411 652294.000000
412 959310.000000
413 1072244.000000
414 1107706.000000
415 724492.000000
416 687368.000000
417 660524.000000
418 964308.000000
419 1064174.000000
420 978366.000000
421 692442.000000
422 664180.000000
423 662136.000000
424 657830.000000
425 668984.000000
426 663068.000000
427 652300.000000
428 654274.000000
429 648304.000000
430 643170.000000
431 651156.000000
432 670034.000000
433 652780.000000
434 651912.000000
435 667772.000000
436 650326.000000
437 645446.000000
438 650970.000000
439 648978.000000
440 647250.000000
441 648520.000000
442 679620.000000
443 657390.000000
444 649452.000000
445 660968.000000
446 658210.000000
447 670346.000000
448 671178.000000
449 665834.000000
450 664130.000000
451 1049092.000000
452 838880.000000
453 1033262.000000
454 1085072.000000
455 752844.000000
456 659392.000000
457 651900.000000
458 780700.000000
459 1052062.000000
460 958830.000000
461 680642.000000
462 723826.000000
463 664384.000000
464 640458.000000
465 626450.000000
466 670546.000000
467 644668.000000
468 639596.000000
469 673300.000000
470 654688.000000
471 639226.000000
472 647776.000000
473 622870.000000
474 616626.000000
475 610686.000000
476 628718.000000
477 612100.000000
478 603760.000000
479 604880.000000
480 593552.000000
481 599744.000000
482 606130.000000
483 604914.000000
484 618634.000000
485 613064.000000
486 623116.000000
487 610934.000000
488 607898.000000
489 625722.000000
490 627154.000000
491 948664.000000
492 996700.000000
493 1004350.000000
494 650046.000000
495 622524.000000
496 722398.000000
497 1035314.000000
498 915962.000000
499 734242.000000
500 637678.000000
501 614386.000000
502 611642.000000
503 615502.000000
504 600852.000000
505 635538.000000
506 603416.000000
507 597344.000000
508 588394.000000
509 591850.000000
510 592742.000000
511 582170.000000
512 603854.000000
513 588386.000000
514 592508.000000
515 588512.000000
516 591620.000000
517 614556.000000
518 576228.000000
519 579574.000000
520 582994.000000
521 582842.000000
522 583176.000000
523 569714.000000
524 579240.000000
525 563788.000000
526 576658.000000
527 572402.000000
528 572508.000000
529 577182.000000
530 591100.000000
531 565780.000000
532 568514.000000
533 575292.000000
534 566370.000000
535 907072.000000
536 922170.000000
537 940266.000000
538 587824.000000
539 579218.000000
540 579430.000000
541 849316.000000
542 956674.000000
543 878924.000000
544 600806.000000
545 577554.000000
546 583126.000000
547 576682.000000
548 588458.000000
549 584372.000000
550 577626.000000
551 564252.000000
552 568576.000000
553 564288.000000
554 563332.000000
555 563446.000000
556 576614.000000
557 582350.000000
558 582754.000000
559 599876.000000
560 593200.000000
561 611086.000000
562 596590.000000
563 590386.000000
564 589894.000000
565 579836.000000
566 579934.000000
567 579502.000000
568 580658.000000
569 571746.000000
570 591246.000000
571 574892.000000
572 579710.000000
573 578758.000000
574 565360.000000
575 566206.000000
576 561864.000000
577 567948.000000
578 558774.000000
579 564114.000000
580 566376.000000
581 896338.000000
582 899834.000000
583 913448.000000
584 596884.000000
585 550284.000000
586 783548.000000
587 899060.000000
588 823188.000000
589 630276.000000
590 555790.000000
591 605444.000000
592 567488.000000
593 557622.000000
594 547000.000000
595 529392.000000
596 548006.000000
597 556236.000000
598 545738.000000
599 551414.000000
600 549132.000000
601 550322.000000
602 550086.000000
603 547072.000000
604 551558.000000
605 544912.000000
606 532950.000000
607 605932.000000
608 673600.000000
609 677894.000000
610 558302.000000
611 545574.000000
612 541574.000000
613 536710.000000
614 532574.000000
615 536014.000000
616 549000.000000
617 571152.000000
618 541214.000000
619 538072.000000
620 547446.000000
621 550940.000000
622 555562.000000
623 548848.000000
624 567158.000000
625 776136.000000
626 877552.000000
627 921504.000000
628 814776.000000
629 562526.000000
630 550120.000000
631 538142.000000
632 830472.000000
633 887786.000000
634 792654.000000
635 768904.000000
636 562482.000000
637 543490.000000
638 538628.000000
639 542314.000000
640 552988.000000
641 556930.000000
642 542426.000000
643 545056.000000
644 548058.000000
645 555554.000000
646 548520.000000
647 545792.000000
648 540788.000000
649 556156.000000
650 540178.000000
651 538002.000000
652 542236.000000
653 527424.000000
654 645334.000000
655 707896.000000
656 539066.000000
657 537724.000000
658 546392.000000
659 537900.000000
660 534786.000000
661 540296.000000
662 569388.000000
663 650192.000000
664 833408.000000
665 889000.000000
666 869888.000000
667 884972.000000
668 887810.000000
669 871796.000000
670 779822.000000
671 705518.000000
672 855704.000000
673 873596.000000
674 838712.000000
675 828176.000000
676 897324.000000
677 813732.000000
678 820798.000000
679 564580.000000
680 541534.000000
681 539274.000000
682 559530.000000
683 543132.000000
684 544476.000000
685 540938.000000
686 537672.000000
687 529262.000000
688 529656.000000
689 533306.000000
690 533158.000000
691 536950.000000
692 531772.000000
693 539758.000000
694 527752.000000
695 532992.000000
696 522576.000000
697 536578.000000
698 526246.000000
699 527098.000000
700 523488.000000
701 535524.000000
702 537746.000000
703 558526.000000
704 533882.000000
705 535702.000000
706 521448.000000
707 719690.000000
708 829622.000000
709 861168.000000
710 845062.000000
711 853632.000000
712 853364.000000
713 862922.000000
714 703128.000000
715 727874.000000
716 832318.000000
717 857906.000000
718 807608.000000
719 543434.000000
720 592750.000000
721 556278.000000
722 519702.000000
723 520318.000000
724 526704.000000
725 524928.000000
726 522408.000000
727 525480.000000
728 539430.000000
729 533494.000000
730 516442.000000
731 509946.000000
732 520454.000000
733 512576.000000
734 514974.000000
735 523158.000000
736 522876.000000
737 527196.000000
738 519196.000000
739 515198.000000
740 520024.000000
741 512558.000000
742 523742.000000
743 524744.000000
744 523514.000000
745 528540.000000
746 525696.000000
747 527356.000000
748 522882.000000
749 541288.000000
750 529024.000000
751 527980.000000
752 555038.000000
753 778856.000000
754 832604.000000
755 842674.000000
756 823032.000000
757 861048.000000
758 846152.000000
759 832192.000000
760 615608.000000
761 817700.000000
762 805238.000000
763 815940.000000
764 718228.000000
765 518892.000000
766 541642.000000
767 548032.000000
768 519638.000000
769 513072.000000
770 511574.000000
771 513070.000000
772 519758.000000
773 507078.000000
774 510664.000000
775 511764.000000
776 533134.000000
777 497512.000000
778 490604.000000
779 484356.000000
780 485912.000000
781 496228.000000
782 493406.000000
783 497876.000000
784 495890.000000
785 489844.000000
786 491024.000000
787 486790.000000
788 477420.000000
789 473992.000000
790 480516.000000
791 502458.000000
792 475990.000000
793 472840.000000
794 488556.000000
795 486726.000000
796 483994.000000
797 490912.000000
798 482116.000000
799 489206.000000
800 577964.000000
801 753034.000000
802 775706.000000
803 793614.000000
804 792022.000000
805 811924.000000
806 809950.000000
807 806560.000000
808 592122.000000
809 666502.000000
810 756438.000000
811 770182.000000
812 810770.000000
813 525052.000000
814 526160.000000
815 492608.000000
816 486960.000000
817 473176.000000
818 484922.000000
819 633210.000000
820 786102.000000
821 595876.000000
822 609152.000000
823 494334.000000
824 493758.000000
825 487506.000000
826 483846.000000
827 486424.000000
828 487158.000000
829 477900.000000
830 485494.000000
831 485426.000000
832 473174.000000
833 484416.000000
834 480736.000000
835 510010.000000
836 473854.000000
837 474706.000000
838 471480.000000
839 480024.000000
840 481854.000000
841 485368.000000
842 481570.000000
843 485788.000000
844 493846.000000
845 487354.000000
846 613758.000000
847 757168.000000
848 822978.000000
849 782046.000000
850 781460.000000
851 793124.000000
852 782348.000000
853 774308.000000
854 579306.000000
855 783598.000000
856 749922.000000
857 794014.000000
858 757030.000000
859 484762.000000
860 518912.000000
861 508396.000000
862 478598.000000
863 471008.000000
864 461328.000000
865 465144.000000
866 497336.000000
867 471510.000000
868 486492.000000
869 481138.000000
870 478490.000000
871 473016.000000
872 455486.000000
873 455764.000000
874 457694.000000
875 454540.000000
876 456114.000000
877 452412.000000
878 438074.000000
879 429034.000000
880 431740.000000
881 454940.000000
882 444646.000000
883 443630.000000
884 445004.000000
885 449670.000000
886 433854.000000
887 432280.000000
888 432768.000000
889 433326.000000
890 440288.000000
891 438280.000000
892 433046.000000
893 444604.000000
894 439572.000000
895 443806.000000
896 502436.000000
897 678228.000000
898 706896.000000
899 727426.000000
900 695476.000000
901 714256.000000
902 733174.000000
903 722280.000000
904 702030.000000
905 523352.000000
906 766586.000000
907 711074.000000
908 708900.000000
909 745092.000000
910 516466.000000
911 491676.000000
912 451494.000000
913 455594.000000
914 459736.000000
915 457140.000000
916 460192.000000
917 462740.000000
918 463716.000000
919 454728.000000
920 452666.000000
921 439644.000000
922 438796.000000
923 454888.000000
924 446870.000000
925 440376.000000
926 443850.000000
927 445520.000000
928 443072.000000
929 449248.000000
930 480666.000000
931 437978.000000
932 440988.000000
933 438736.000000
934 457844.000000
935 442652.000000
936 432368.000000
937 441384.000000
938 448106.000000
939 448984.000000
940 461340.000000
941 454414.000000
942 449274.000000
943 437374.000000
944 437490.000000
945 466720.000000
946 442032.000000
947 442070.000000
948 575852.000000
949 685042.000000
950 717870.000000
951 734740.000000
952 711378.000000
953 731148.000000
954 735876.000000
955 726058.000000
956 717308.000000
957 536792.000000
958 736002.000000
959 751162.000000
960 722628.000000
961 608498.000000
962 484116.000000
963 484210.000000
964 459246.000000
965 447306.000000
966 439996.000000
967 460290.000000
968 457286.000000
969 457112.000000
970 458522.000000
971 458282.000000
972 457400.000000
973 453228.000000
974 482266.000000
975 470274.000000
976 473926.000000
977 460252.000000
978 502416.000000
979 469586.000000
980 471292.000000
981 464756.000000
982 470712.000000
983 463754.000000
984 471152.000000
985 453616.000000
986 449616.000000
987 444166.000000
988 507768.000000
989 442746.000000
990 447130.000000
991 446098.000000
992 446044.000000
993 480394.000000
994 457900.000000
995 463180.000000
996 453572.000000
997 545590.000000
998 681918.000000
999 731644.000000
