0 0.088040
1 0.085917
2 0.085478
3 0.086076
4 0.085508
5 0.085714
6 0.085340
7 0.085861
8 0.085499
9 0.085518
10 0.085256
11 0.085510
12 0.085677
13 0.085205
14 0.086242
15 0.085991
16 0.086804
17 0.086173
18 0.086098
19 0.085253
20 0.085582
21 0.085816
22 0.085469
23 0.085671
24 0.085559
25 0.085270
26 0.085724
27 0.085275
28 0.087500
29 0.086128
30 0.099728
31 0.087509
32 0.091997
33 0.086165
34 0.086962
35 0.086316
36 0.085438
37 0.086527
38 0.086383
39 0.085830
40 0.084868
41 0.085107
42 0.085663
43 0.085060
44 0.084905
45 0.084973
46 0.085069
47 0.085097
48 0.085022
49 0.087434
50 0.085131
51 0.085249
52 0.085213
53 0.085414
54 0.085215
55 0.085414
56 0.085557
57 0.085700
58 0.085272
59 0.085290
60 0.085473
61 0.086102
62 0.085488
63 0.085633
64 0.085611
65 0.085306
66 0.085291
67 0.085594
68 0.085208
69 0.085289
70 0.085614
71 0.085980
72 0.085335
73 0.085955
74 0.085624
75 0.085241
76 0.085344
77 0.085776
78 0.085473
79 0.085136
80 0.085640
81 0.085096
82 0.085048
83 0.085270
84 0.085587
85 0.086243
86 0.085583
87 0.085518
88 0.085087
89 0.085739
90 0.085984
91 0.085782
92 0.085452
93 0.085617
94 0.085580
95 0.085236
96 0.086403
97 0.085598
98 0.085891
99 0.085819
100 0.085331
101 0.086308
102 0.085382
103 0.085308
104 0.085270
105 0.085390
106 0.084625
107 0.085141
108 0.087205
109 0.085089
110 0.085539
111 0.084985
112 0.085326
113 0.085163
114 0.085399
115 0.085023
116 0.084761
117 0.084905
118 0.084841
119 0.085426
120 0.085265
121 0.085005
122 0.084844
123 0.085412
124 0.084885
125 0.086403
126 0.086171
127 0.086156
128 0.084969
129 0.084990
130 0.085060
131 0.085590
132 0.085099
133 0.085594
134 0.084946
135 0.085102
136 0.084909
137 0.084977
138 0.084994
139 0.084901
140 0.085326
141 0.085071
142 0.084713
143 0.085782
144 0.085483
145 0.085403
146 0.085034
147 0.085402
148 0.085061
149 0.086069
150 0.084849
151 0.085017
152 0.085407
153 0.085036
154 0.085229
155 0.085638
156 0.084853
157 0.085100
158 0.085010
159 0.085272
160 0.084987
161 0.085442
162 0.084985
163 0.084937
164 0.085220
165 0.084988
166 0.085326
167 0.085932
168 0.085504
169 0.085287
170 0.085659
171 0.085066
172 0.085237
173 0.085194
174 0.085018
175 0.085463
176 0.085185
177 0.084977
178 0.085691
179 0.085407
180 0.085495
181 0.085064
182 0.085429
183 0.084945
184 0.085125
185 0.085147
186 0.085039
187 0.085167
188 0.084821
189 0.085181
190 0.085700
191 0.084897
192 0.085041
193 0.084850
194 0.084825
195 0.085369
196 0.085603
197 0.084812
198 0.085108
199 0.085217
200 0.084961
201 0.085324
202 0.085708
203 0.085331
204 0.085168
205 0.085023
206 0.084937
207 0.085388
208 0.085284
209 0.084878
210 0.085186
211 0.085023
212 0.084876
213 0.085035
214 0.085310
215 0.084765
216 0.084842
217 0.085335
218 0.085210
219 0.085054
220 0.085318
221 0.084915
222 0.085450
223 0.084997
224 0.085072
225 0.086878
226 0.086313
227 0.085275
228 0.085091
229 0.085280
230 0.084839
231 0.085317
232 0.085581
233 0.085022
234 0.084872
235 0.084755
236 0.085062
237 0.084941
238 0.084778
239 0.085097
240 0.084833
241 0.084898
242 0.084850
243 0.085066
244 0.084632
245 0.085118
246 0.085554
247 0.084831
248 0.085173
249 0.085736
250 0.085127
251 0.085077
252 0.085046
253 0.085472
254 0.085309
255 0.085789
256 0.084887
257 0.084833
258 0.084909
259 0.085138
260 0.085249
261 0.085484
262 0.085316
263 0.084819
264 0.085201
265 0.085099
266 0.085560
267 0.085538
268 0.090354
269 0.086223
270 0.086168
271 0.085203
272 0.085791
273 0.085201
274 0.085274
275 0.084930
276 0.085201
277 0.084819
278 0.085167
279 0.084913
280 0.085054
281 0.085416
282 0.084791
283 0.085061
284 0.085741
285 0.084791
286 0.084906
287 0.085072
288 0.085414
289 0.085259
290 0.085221
291 0.085012
292 0.084993
293 0.085408
294 0.085152
295 0.085536
296 0.085714
297 0.084908
298 0.085273
299 0.085067
300 0.085115
301 0.085069
302 0.085654
303 0.085604
304 0.085228
305 0.085568
306 0.085320
307 0.085381
308 0.085593
309 0.085806
310 0.085379
311 0.085481
312 0.085373
313 0.085657
314 0.085435
315 0.085181
316 0.085705
317 0.085247
318 0.085651
319 0.085910
320 0.085591
321 0.085581
322 0.085375
323 0.085706
324 0.085790
325 0.086589
326 0.086181
327 0.085514
328 0.085254
329 0.085309
330 0.085845
331 0.085785
332 0.085489
333 0.085412
334 0.085397
335 0.085526
336 0.089893
337 0.086878
338 0.086320
339 0.086846
340 0.086334
341 0.086121
342 0.086221
343 0.086905
344 0.086315
345 0.085573
346 0.085311
347 0.085359
348 0.085496
349 0.085594
350 0.085434
351 0.085861
352 0.085384
353 0.085166
354 0.086129
355 0.085432
356 0.085396
357 0.085359
358 0.085839
359 0.085425
360 0.085376
361 0.085179
362 0.085255
363 0.085716
364 0.085533
365 0.085802
366 0.085979
367 0.085674
368 0.085323
369 0.085382
370 0.085546
371 0.085484
372 0.085714
373 0.085231
374 0.085272
375 0.085230
376 0.085267
377 0.085335
378 0.085833
379 0.086124
380 0.085479
381 0.085148
382 0.085282
383 0.086065
384 0.085501
385 0.085288
386 0.086409
387 0.085387
388 0.085270
389 0.085469
390 0.085069
391 0.085304
392 0.085510
393 0.085743
394 0.085009
395 0.085223
396 0.085080
397 0.085069
398 0.085235
399 0.085360
400 0.085448
401 0.086777
402 0.085045
403 0.085158
404 0.085170
405 0.085125
406 0.085250
407 0.085641
408 0.085620
409 0.085183
410 0.085090
411 0.085119
412 0.085043
413 0.085924
414 0.085670
415 0.085077
416 0.085009
417 0.085146
418 0.085279
419 0.084935
420 0.084997
421 0.085413
422 0.085710
423 0.085359
424 0.085509
425 0.085492
426 0.085288
427 0.085311
428 0.085659
429 0.085152
430 0.085510
431 0.085259
432 0.085210
433 0.085360
434 0.084826
435 0.085405
436 0.085898
437 0.085277
438 0.085368
439 0.085174
440 0.085216
441 0.086127
442 0.085851
443 0.085177
444 0.085395
445 0.085686
446 0.085105
447 0.085516
448 0.085398
449 0.085675
450 0.085276
451 0.085317
452 0.085210
453 0.085768
454 0.085471
455 0.085070
456 0.085833
457 0.085597
458 0.085358
459 0.085596
460 0.086142
461 0.085730
462 0.085226
463 0.086082
464 0.085471
465 0.085414
466 0.085253
467 0.085476
468 0.085249
469 0.085343
470 0.085326
471 0.086334
472 0.085517
473 0.085452
474 0.085577
475 0.085531
476 0.085418
477 0.085651
478 0.085823
479 0.085645
480 0.085476
481 0.085604
482 0.085496
483 0.085758
484 0.085269
485 0.085237
486 0.085035
487 0.084951
488 0.085300
489 0.084863
490 0.084969
491 0.085357
492 0.085599
493 0.085231
494 0.085523
495 0.085506
496 0.086092
497 0.085440
498 0.085658
499 0.085623
500 0.086246
501 0.085514
502 0.085414
503 0.085345
504 0.085201
505 0.085647
506 0.086526
507 0.086008
508 0.086514
509 0.085919
510 0.085530
511 0.085371
512 0.085867
513 0.085903
514 0.085850
515 0.085905
516 0.085662
517 0.085650
518 0.086503
519 0.085911
520 0.086447
521 0.085622
522 0.086108
523 0.085980
524 0.085695
525 0.085315
526 0.085320
527 0.085280
528 0.084923
529 0.085162
530 0.085716
531 0.085068
532 0.084941
533 0.085319
534 0.085057
535 0.085029
536 0.085155
537 0.085222
538 0.084979
539 0.085255
540 0.085321
541 0.085975
542 0.085086
543 0.085148
544 0.084931
545 0.085148
546 0.085163
547 0.085367
548 0.085258
549 0.084892
550 0.084959
551 0.084853
552 0.084945
553 0.085648
554 0.085175
555 0.085717
556 0.085091
557 0.085110
558 0.085589
559 0.085165
560 0.085097
561 0.085051
562 0.085369
563 0.085102
564 0.084987
565 0.085636
566 0.084866
567 0.085032
568 0.084752
569 0.085418
570 0.085304
571 0.084786
572 0.085380
573 0.084935
574 0.085236
575 0.084886
576 0.085256
577 0.085920
578 0.085123
579 0.085139
580 0.084902
581 0.085126
582 0.085210
583 0.085662
584 0.084997
585 0.084917
586 0.085300
587 0.085097
588 0.085199
589 0.085065
590 0.085420
591 0.084713
592 0.084958
593 0.085215
594 0.085056
595 0.085066
596 0.084965
597 0.085200
598 0.084647
599 0.084908
600 0.085549
601 0.085197
602 0.084970
603 0.084931
604 0.085503
605 0.085192
606 0.085010
607 0.085095
608 0.084888
609 0.084910
610 0.084850
611 0.085165
612 0.085727
613 0.085094
614 0.085150
615 0.085030
616 0.085031
617 0.085669
618 0.085186
619 0.085180
620 0.084773
621 0.084884
622 0.085114
623 0.085585
624 0.085848
625 0.085274
626 0.085209
627 0.084875
628 0.085147
629 0.085216
630 0.085136
631 0.085106
632 0.085775
633 0.085109
634 0.085110
635 0.085934
636 0.085125
637 0.085300
638 0.084917
639 0.085894
640 0.085224
641 0.085430
642 0.085622
643 0.085031
644 0.085478
645 0.085214
646 0.085574
647 0.085694
648 0.085278
649 0.085677
650 0.085541
651 0.088855
652 0.086468
653 0.086749
654 0.086433
655 0.086445
656 0.085941
657 0.085200
658 0.086303
659 0.085572
660 0.085223
661 0.084980
662 0.084897
663 0.085213
664 0.085159
665 0.084828
666 0.084508
667 0.085082
668 0.085027
669 0.085118
670 0.085360
671 0.086184
672 0.085183
673 0.085074
674 0.085489
675 0.085453
676 0.085921
677 0.085556
678 0.085634
679 0.085407
680 0.085421
681 0.085596
682 0.085671
683 0.085261
684 0.085237
685 0.085334
686 0.085448
687 0.085483
688 0.085886
689 0.085426
690 0.085585
691 0.085759
692 0.085403
693 0.085223
694 0.086275
695 0.086116
696 0.085892
697 0.085361
698 0.085452
699 0.085589
700 0.085081
701 0.085506
702 0.085638
703 0.085416
704 0.085438
705 0.085513
706 0.086181
707 0.086214
708 0.085656
709 0.085580
710 0.085760
711 0.085413
712 0.085663
713 0.085405
714 0.085396
715 0.085401
716 0.085738
717 0.085971
718 0.085625
719 0.085816
720 0.085434
721 0.085553
722 0.085761
723 0.085636
724 0.085575
725 0.085416
726 0.085608
727 0.085564
728 0.085520
729 0.085684
730 0.085907
731 0.085781
732 0.085420
733 0.085506
734 0.086070
735 0.085414
736 0.085707
737 0.085767
738 0.085308
739 0.085486
740 0.085629
741 0.086141
742 0.086256
743 0.085481
744 0.085891
745 0.085450
746 0.085468
747 0.085463
748 0.085159
749 0.085254
750 0.085446
751 0.085713
752 0.086254
753 0.085734
754 0.086342
755 0.085295
756 0.085332
757 0.085913
758 0.086143
759 0.085623
760 0.085677
761 0.085205
762 0.085383
763 0.085276
764 0.085956
765 0.085651
766 0.085646
767 0.085315
768 0.085148
769 0.085416
770 0.085291
771 0.085247
772 0.085796
773 0.085241
774 0.085241
775 0.085403
776 0.085472
777 0.085243
778 0.085246
779 0.085491
780 0.085908
781 0.085676
782 0.085956
783 0.085320
784 0.085207
785 0.085534
786 0.085958
787 0.085511
788 0.085960
789 0.085524
790 0.085478
791 0.085033
792 0.085938
793 0.086183
794 0.085556
795 0.085283
796 0.085455
797 0.085341
798 0.085340
799 0.085932
800 0.085777
801 0.085862
802 0.085437
803 0.085602
804 0.085716
805 0.085451
806 0.085294
807 0.086174
808 0.085388
809 0.085473
810 0.085236
811 0.086267
812 0.086066
813 0.085676
814 0.085653
815 0.085564
816 0.085539
817 0.085622
818 0.085649
819 0.085306
820 0.085540
821 0.085863
822 0.085543
823 0.085952
824 0.085478
825 0.085766
826 0.085311
827 0.085467
828 0.085987
829 0.085879
830 0.085708
831 0.085560
832 0.085785
833 0.085620
834 0.086066
835 0.086203
836 0.086227
837 0.086093
838 0.085587
839 0.085744
840 0.085439
841 0.085471
842 0.085618
843 0.085473
844 0.085354
845 0.085194
846 0.085756
847 0.085472
848 0.085384
849 0.085680
850 0.085887
851 0.086249
852 0.085455
853 0.085417
854 0.085354
855 0.085387
856 0.085588
857 0.085720
858 0.085728
859 0.085391
860 0.085578
861 0.085506
862 0.085617
863 0.085804
864 0.085236
865 0.085266
866 0.085505
867 0.085404
868 0.085327
869 0.085877
870 0.085645
871 0.085409
872 0.085254
873 0.085569
874 0.085791
875 0.085202
876 0.086006
877 0.085971
878 0.086020
879 0.085173
880 0.085278
881 0.085990
882 0.085409
883 0.085369
884 0.085630
885 0.085613
886 0.085364
887 0.085706
888 0.085352
889 0.085276
890 0.085291
891 0.085365
892 0.085469
893 0.085860
894 0.085639
895 0.085478
896 0.085430
897 0.085715
898 0.086101
899 0.085756
900 0.085472
901 0.085236
902 0.085468
903 0.085578
904 0.086031
905 0.085928
906 0.085780
907 0.085283
908 0.085644
909 0.086190
910 0.085820
911 0.085508
912 0.085662
913 0.085630
914 0.085176
915 0.085545
916 0.087352
917 0.085185
918 0.085494
919 0.085785
920 0.085703
921 0.085416
922 0.085514
923 0.085585
924 0.085551
925 0.085586
926 0.085485
927 0.085723
928 0.087004
929 0.086221
930 0.085624
931 0.085636
932 0.085345
933 0.085860
934 0.085713
935 0.085608
936 0.085910
937 0.085436
938 0.085231
939 0.085480
940 0.087030
941 0.085689
942 0.085226
943 0.085418
944 0.085445
945 0.085666
946 0.085537
947 0.085672
948 0.085536
949 0.085319
950 0.085181
951 0.087020
952 0.085303
953 0.085373
954 0.085969
955 0.085539
956 0.085307
957 0.085439
958 0.085520
959 0.085542
960 0.085768
961 0.085637
962 0.085440
963 0.086904
964 0.085852
965 0.085541
966 0.087768
967 0.086692
968 0.086534
969 0.086788
970 0.086453
971 0.086320
972 0.087163
973 0.086071
974 0.086494
975 0.086483
976 0.086086
977 0.085414
978 0.085491
979 0.086114
980 0.085450
981 0.085310
982 0.085703
983 0.085808
984 0.085367
985 0.085463
986 0.086740
987 0.085481
988 0.085419
989 0.085682
990 0.085645
991 0.085603
992 0.085503
993 0.085857
994 0.085533
995 0.085404
996 0.085604
997 0.085761
998 0.086602
999 0.085582
