0 0.000750
1 0.000652
2 0.000629
3 0.000635
4 0.000640
5 0.000646
6 0.000669
7 0.000638
8 0.000630
9 0.000625
10 0.000643
11 0.000633
12 0.000640
13 0.000623
14 0.000715
15 0.000748
16 0.000637
17 0.000621
18 0.000616
19 0.000610
20 0.000624
21 0.000608
22 0.000603
23 0.000606
24 0.000598
25 0.000591
26 0.000610
27 0.000589
28 0.000588
29 0.000584
30 0.000582
31 0.000582
32 0.000587
33 0.000612
34 0.000571
35 0.000567
36 0.000576
37 0.000567
38 0.000565
39 0.000562
40 0.000569
41 0.000562
42 0.000562
43 0.000559
44 0.000556
45 0.000556
46 0.000549
47 0.000557
48 0.000554
49 0.000549
50 0.000552
51 0.000559
52 0.000565
53 0.000551
54 0.000554
55 0.000545
56 0.000543
57 0.000541
58 0.000543
59 0.000541
60 0.000541
61 0.000535
62 0.000585
63 0.000537
64 0.000527
65 0.000534
66 0.000536
67 0.000531
68 0.000531
69 0.000544
70 0.000528
71 0.000529
72 0.000526
73 0.000523
74 0.000519
75 0.000519
76 0.000516
77 0.000527
78 0.000521
79 0.000512
80 0.000515
81 0.000518
82 0.000520
83 0.000519
84 0.000517
85 0.000510
86 0.000506
87 0.000508
88 0.000504
89 0.000504
90 0.000500
91 0.000501
92 0.000505
93 0.000499
94 0.000508
95 0.000494
96 0.000491
97 0.000492
98 0.000496
99 0.000489
100 0.000504
101 0.000495
102 0.000494
103 0.000491
104 0.000487
105 0.000486
106 0.000482
107 0.000485
108 0.000480
109 0.000486
110 0.000482
111 0.000479
112 0.000477
113 0.000477
114 0.000474
115 0.000473
116 0.000471
117 0.000476
118 0.000473
119 0.000468
120 0.000473
121 0.000470
122 0.000467
123 0.000468
124 0.000468
125 0.000472
126 0.000469
127 0.000472
128 0.000473
129 0.000474
130 0.000474
131 0.000471
132 0.000470
133 0.000473
134 0.000475
135 0.000469
136 0.000462
137 0.000463
138 0.000456
139 0.000456
140 0.000457
141 0.000455
142 0.000457
143 0.000456
144 0.000457
145 0.000452
146 0.000450
147 0.000446
148 0.000450
149 0.000452
150 0.000450
151 0.000449
152 0.000464
153 0.000448
154 0.000449
155 0.000450
156 0.000449
157 0.000449
158 0.000447
159 0.000457
160 0.000454
161 0.000450
162 0.000449
163 0.000450
164 0.000450
165 0.000447
166 0.000453
167 0.000444
168 0.000440
169 0.000449
170 0.000446
171 0.000446
172 0.000443
173 0.000434
174 0.000442
175 0.000445
176 0.000438
177 0.000440
178 0.000447
179 0.000437
180 0.000437
181 0.000434
182 0.000432
183 0.000433
184 0.000438
185 0.000434
186 0.000427
187 0.000440
188 0.000428
189 0.000426
190 0.000443
191 0.000430
192 0.000423
193 0.000424
194 0.000426
195 0.000430
196 0.000429
197 0.000429
198 0.000422
199 0.000422
200 0.000422
201 0.000420
202 0.000425
203 0.000419
204 0.000422
205 0.000428
206 0.000427
207 0.000423
208 0.000429
209 0.000425
210 0.000426
211 0.000422
212 0.000422
213 0.000424
214 0.000420
215 0.000420
216 0.000424
217 0.000424
218 0.000421
219 0.000416
220 0.000416
221 0.000416
222 0.000412
223 0.000418
224 0.000412
225 0.000416
226 0.000411
227 0.000415
228 0.000414
229 0.000414
230 0.000408
231 0.000409
232 0.000411
233 0.000412
234 0.000413
235 0.000414
236 0.000410
237 0.000412
238 0.000416
239 0.000415
240 0.000416
241 0.000413
242 0.000414
243 0.000414
244 0.000414
245 0.000419
246 0.000412
247 0.000416
248 0.000412
249 0.000413
250 0.000414
251 0.000410
252 0.000416
253 0.000415
254 0.000417
255 0.000411
256 0.000409
257 0.000411
258 0.000413
259 0.000407
260 0.000403
261 0.000407
262 0.000399
263 0.000407
264 0.000408
265 0.000406
266 0.000404
267 0.000408
268 0.000396
269 0.000404
270 0.000406
271 0.000408
272 0.000403
273 0.000404
274 0.000406
275 0.000404
276 0.000400
277 0.000394
278 0.000400
279 0.000397
280 0.000396
281 0.000395
282 0.000393
283 0.000395
284 0.000397
285 0.000402
286 0.000394
287 0.000396
288 0.000393
289 0.000396
290 0.000395
291 0.000394
292 0.000393
293 0.000397
294 0.000400
295 0.000398
296 0.000400
297 0.000399
298 0.000396
299 0.000396
300 0.000396
301 0.000392
302 0.000394
303 0.000389
304 0.000396
305 0.000388
306 0.000391
307 0.000387
308 0.000389
309 0.000390
310 0.000391
311 0.000392
312 0.000390
313 0.000393
314 0.000395
315 0.000391
316 0.000390
317 0.000387
318 0.000393
319 0.000392
320 0.000390
321 0.000388
322 0.000394
323 0.000386
324 0.000397
325 0.000389
326 0.000384
327 0.000390
328 0.000387
329 0.000390
330 0.000385
331 0.000387
332 0.000389
333 0.000390
334 0.000393
335 0.000393
336 0.000389
337 0.000381
338 0.000379
339 0.000383
340 0.000381
341 0.000381
342 0.000378
343 0.000383
344 0.000386
345 0.000388
346 0.000380
347 0.000386
348 0.000379
349 0.000381
350 0.000381
351 0.000377
352 0.000378
353 0.000382
354 0.000385
355 0.000384
356 0.000382
357 0.000383
358 0.000382
359 0.000381
360 0.000383
361 0.000378
362 0.000376
363 0.000377
364 0.000379
365 0.000384
366 0.000384
367 0.000378
368 0.000381
369 0.000380
370 0.000379
371 0.000381
372 0.000381
373 0.000375
374 0.000376
375 0.000374
376 0.000369
377 0.000372
378 0.000373
379 0.000373
380 0.000370
381 0.000375
382 0.000370
383 0.000382
384 0.000367
385 0.000365
386 0.000361
387 0.000391
388 0.000377
389 0.000359
390 0.000364
391 0.000360
392 0.000361
393 0.000367
394 0.000365
395 0.000366
396 0.000367
397 0.000367
398 0.000389
399 0.000403
400 0.000372
401 0.000367
402 0.000369
403 0.000370
404 0.000366
405 0.000368
406 0.000367
407 0.000366
408 0.000370
409 0.000413
410 0.000362
411 0.000363
412 0.000376
413 0.000407
414 0.000362
415 0.000360
416 0.000370
417 0.000358
418 0.000364
419 0.000363
420 0.000401
421 0.000363
422 0.000365
423 0.000360
424 0.000365
425 0.000366
426 0.000358
427 0.000354
428 0.000362
429 0.000360
430 0.000359
431 0.000403
432 0.000367
433 0.000361
434 0.000361
435 0.000364
436 0.000368
437 0.000366
438 0.000365
439 0.000364
440 0.000356
441 0.000359
442 0.000403
443 0.000359
444 0.000368
445 0.000435
446 0.000389
447 0.000354
448 0.000358
449 0.000358
450 0.000358
451 0.000357
452 0.000405
453 0.000387
454 0.000359
455 0.000360
456 0.000359
457 0.000391
458 0.000509
459 0.000361
460 0.000360
461 0.000358
462 0.000424
463 0.000395
464 0.000355
465 0.000453
466 0.000359
467 0.000360
468 0.000356
469 0.000357
470 0.000358
471 0.000356
472 0.000355
473 0.000355
474 0.000358
475 0.000418
476 0.000353
477 0.000349
478 0.000357
479 0.000355
480 0.000355
481 0.000352
482 0.000355
483 0.000349
484 0.000353
485 0.000351
486 0.000357
487 0.000356
488 0.000356
489 0.000350
490 0.000348
491 0.000355
492 0.000354
493 0.000353
494 0.000353
495 0.000354
496 0.000548
497 0.000361
498 0.000360
499 0.000364
500 0.000360
501 0.000359
502 0.000363
503 0.000364
504 0.000367
505 0.000357
506 0.000369
507 0.000373
508 0.000353
509 0.000416
510 0.000354
511 0.000351
512 0.000351
513 0.000351
514 0.000349
515 0.000351
516 0.000351
517 0.000354
518 0.000348
519 0.000348
520 0.000349
521 0.000355
522 0.000354
523 0.000352
524 0.000351
525 0.000358
526 0.000354
527 0.000352
528 0.000348
529 0.000349
530 0.000345
531 0.000348
532 0.000352
533 0.000345
534 0.000350
535 0.000347
536 0.000347
537 0.000347
538 0.000350
539 0.000355
540 0.000422
541 0.000353
542 0.000351
543 0.000350
544 0.000349
545 0.000354
546 0.000355
547 0.000355
548 0.000352
549 0.000351
550 0.000347
551 0.000347
552 0.000347
553 0.000345
554 0.000342
555 0.000341
556 0.000341
557 0.000339
558 0.000346
559 0.000344
560 0.000344
561 0.000342
562 0.000347
563 0.000350
564 0.000345
565 0.000347
566 0.000349
567 0.000350
568 0.000345
569 0.000348
570 0.000343
571 0.000346
572 0.000415
573 0.000342
574 0.000344
575 0.000340
576 0.000340
577 0.000346
578 0.000341
579 0.000337
580 0.000342
581 0.000341
582 0.000340
583 0.000340
584 0.000343
585 0.000338
586 0.000341
587 0.000338
588 0.000337
589 0.000337
590 0.000342
591 0.000341
592 0.000342
593 0.000339
594 0.000343
595 0.000342
596 0.000342
597 0.000343
598 0.000351
599 0.000344
600 0.000343
601 0.000344
602 0.000347
603 0.000343
604 0.000346
605 0.000345
606 0.000346
607 0.000345
608 0.000380
609 0.000346
610 0.000340
611 0.000342
612 0.000344
613 0.000345
614 0.000340
615 0.000337
616 0.000338
617 0.000341
618 0.000343
619 0.000343
620 0.000339
621 0.000340
622 0.000338
623 0.000339
624 0.000344
625 0.000343
626 0.000339
627 0.000340
628 0.000340
629 0.000336
630 0.000344
631 0.000340
632 0.000342
633 0.000343
634 0.000341
635 0.000339
636 0.000345
637 0.000346
638 0.000385
639 0.000381
640 0.000412
641 0.000348
642 0.000344
643 0.000340
644 0.000342
645 0.000343
646 0.000343
647 0.000346
648 0.000346
649 0.000346
650 0.000345
651 0.000345
652 0.000346
653 0.000346
654 0.000344
655 0.000379
656 0.000359
657 0.000349
658 0.000348
659 0.000341
660 0.000340
661 0.000343
662 0.000343
663 0.000347
664 0.000347
665 0.000342
666 0.000338
667 0.000342
668 0.000336
669 0.000340
670 0.000340
671 0.000340
672 0.000336
673 0.000337
674 0.000338
675 0.000409
676 0.000335
677 0.000337
678 0.000337
679 0.000425
680 0.000336
681 0.000333
682 0.000337
683 0.000340
684 0.000338
685 0.000336
686 0.000335
687 0.000337
688 0.000336
689 0.000341
690 0.000376
691 0.000334
692 0.000335
693 0.000335
694 0.000338
695 0.000343
696 0.000339
697 0.000337
698 0.000349
699 0.000347
700 0.000346
701 0.000350
702 0.000350
703 0.000341
704 0.000343
705 0.000341
706 0.000343
707 0.000344
708 0.000414
709 0.000344
710 0.000347
711 0.000343
712 0.000341
713 0.000352
714 0.000350
715 0.000347
716 0.000345
717 0.000346
718 0.000352
719 0.000344
720 0.000343
721 0.000342
722 0.000342
723 0.000343
724 0.000345
725 0.000394
726 0.000340
727 0.000342
728 0.000388
729 0.000344
730 0.000335
731 0.000338
732 0.000338
733 0.000339
734 0.000348
735 0.000342
736 0.000380
737 0.000378
738 0.000346
739 0.000346
740 0.000342
741 0.000340
742 0.000411
743 0.000347
744 0.000350
745 0.000347
746 0.000341
747 0.000387
748 0.000346
749 0.000341
750 0.000340
751 0.000340
752 0.000340
753 0.000340
754 0.000339
755 0.000341
756 0.000346
757 0.000345
758 0.000343
759 0.000350
760 0.000345
761 0.000341
762 0.000347
763 0.000346
764 0.000348
765 0.000345
766 0.000349
767 0.000344
768 0.000344
769 0.000339
770 0.000343
771 0.000341
772 0.000344
773 0.000342
774 0.000343
775 0.000410
776 0.000346
777 0.000376
778 0.000340
779 0.000340
780 0.000339
781 0.000337
782 0.000372
783 0.000497
784 0.000338
785 0.000335
786 0.000335
787 0.000404
788 0.000333
789 0.000335
790 0.000333
791 0.000471
792 0.000335
793 0.000334
794 0.000335
795 0.000333
796 0.000331
797 0.000333
798 0.000333
799 0.000336
800 0.000337
801 0.000335
802 0.000335
803 0.000336
804 0.000332
805 0.000333
806 0.000366
807 0.000367
808 0.000332
809 0.000328
810 0.000332
811 0.000331
812 0.000331
813 0.000335
814 0.000334
815 0.000331
816 0.000335
817 0.000331
818 0.000333
819 0.000337
820 0.000336
821 0.000334
822 0.000331
823 0.000334
824 0.000331
825 0.000334
826 0.000337
827 0.000338
828 0.000341
829 0.000335
830 0.000334
831 0.000334
832 0.000337
833 0.000333
834 0.000333
835 0.000330
836 0.000328
837 0.000330
838 0.000330
839 0.000333
840 0.000337
841 0.000336
842 0.000337
843 0.000404
844 0.000334
845 0.000339
846 0.000337
847 0.000346
848 0.000340
849 0.000345
850 0.000344
851 0.000346
852 0.000344
853 0.000340
854 0.000337
855 0.000335
856 0.000332
857 0.000336
858 0.000336
859 0.000334
860 0.000335
861 0.000335
862 0.000330
863 0.000337
864 0.000705
865 0.000511
866 0.000372
867 0.000341
868 0.000339
869 0.000340
870 0.000342
871 0.000343
872 0.000340
873 0.000341
874 0.000342
875 0.000336
876 0.000337
877 0.000340
878 0.000339
879 0.000340
880 0.000338
881 0.000336
882 0.000337
883 0.000339
884 0.000341
885 0.000344
886 0.000350
887 0.000336
888 0.000333
889 0.000335
890 0.000332
891 0.000332
892 0.000332
893 0.000332
894 0.000331
895 0.000365
896 0.000332
897 0.000333
898 0.000330
899 0.000330
900 0.000334
901 0.000336
902 0.000341
903 0.000337
904 0.000336
905 0.000338
906 0.000338
907 0.000337
908 0.000341
909 0.000345
910 0.000407
911 0.000345
912 0.000344
913 0.000347
914 0.000341
915 0.000339
916 0.000338
917 0.000343
918 0.000340
919 0.000335
920 0.000335
921 0.000372
922 0.000331
923 0.000331
924 0.000335
925 0.000337
926 0.000336
927 0.000375
928 0.000337
929 0.000335
930 0.000336
931 0.000335
932 0.000343
933 0.000335
934 0.000339
935 0.000336
936 0.000331
937 0.000333
938 0.000329
939 0.000334
940 0.000334
941 0.000330
942 0.000329
943 0.000395
944 0.000369
945 0.000335
946 0.000334
947 0.000335
948 0.000336
949 0.000337
950 0.000335
951 0.000335
952 0.000332
953 0.000337
954 0.000377
955 0.000337
956 0.000335
957 0.000330
958 0.000333
959 0.000338
960 0.000341
961 0.000334
962 0.000336
963 0.000334
964 0.000335
965 0.000332
966 0.000333
967 0.000338
968 0.000384
969 0.000374
970 0.000336
971 0.000339
972 0.000351
973 0.000335
974 0.000338
975 0.000400
976 0.000330
977 0.000335
978 0.000336
979 0.000387
980 0.000336
981 0.000335
982 0.000335
983 0.000333
984 0.000337
985 0.000344
986 0.000338
987 0.000350
988 0.000338
989 0.000337
990 0.000335
991 0.000371
992 0.000336
993 0.000332
994 0.000334
995 0.000331
996 0.000332
997 0.000335
998 0.000339
999 0.000338
